0.5	43200.40757056186	22968.050088212964
1.5	43230.041571596594	21451.561961626234
2.5	43019.44947745665	19895.37879730282
3.5	42984.87965276358	18414.737387352026
4.5	42990.5978655164	19745.09420584272
5.5	43069.71936413739	19283.778628062715
6.5	43060.188827668135	20030.082902863687
7.5	42955.19436303097	18940.74167609254
8.5	43045.237304359965	20009.95459467728
9.5	42922.528600818	19136.38602714042
10.5	42969.71598073621	18234.493848853203
11.5	43015.36504091462	19293.984703152444
12.5	43035.1777781474	19314.68518171141
13.5	43049.615387951475	19597.265183105086
14.5	42930.76057004957	20663.000000004085
