0.5	41236.33452996626	12354.583762544731
1.5	39602.21405027592	9074.441915525622
2.5	40182.890198106674	10001.548993571805
3.5	40373.33368434551	10515.247705060487
4.5	40358.73729529077	9602.587503360222
5.5	40257.87182958147	10629.83731853623
6.5	40182.8147576718	10726.305639832903
7.5	40288.3498167148	10686.000000004888
8.5	40205.02562876883	12113.00000000284
9.5	40366.32469828795	13538.00000000269
10.5	40500.88214173174	14960.000000002941
11.5	40654.01968567049	16386.000000003223
12.5	40476.92117319581	17811.00000000107
13.5	40648.69447610754	19237.00000000355
14.5	40856.40776470257	20661.00000000915
