100.0	42661.979889741044	25075.245154699478
300.0	43314.61933823305	22053.287671303366
500.0	42967.32062411501	19573.208331336726
700.0	42907.84020197809	18456.76793720298
900.0	43044.61930130316	18241.26865431074
1100.0	43250.06215342316	20104.65634544464
1300.0	43119.34398258169	21191.451865680065
1500.0	43103.58447759463	19004.063778863398
1700.0	43201.46888432846	20747.25936188596
1900.0	42885.75269372936	18626.24241535195
2100.0	43144.94230272875	20917.011010746857
2300.0	42920.655194719235	18420.981800979676
2500.0	42953.516643124574	19299.888724177512
2700.0	43088.884250753246	19090.800299332583
2900.0	43135.59271295805	19289.069226571533
3100.0	43096.668189415446	19579.506282112903
3300.0	43043.508302710026	18577.091189338942
3500.0	43205.73900414527	19101.670706545858
3700.0	43106.601873520194	19842.244032837476
3900.0	43131.56589097108	18623.05004043076
4100.0	43126.10669530943	19385.088371402755
4300.0	43077.08783803166	20661.767843265538
4500.0	43045.41702123351	19367.853146567388
4700.0	43020.6889043857	18414.558264757005
4900.0	43120.02092533194	20171.383040976314
