100.0	39307.284728440754	8580.015227221093
300.0	40810.05627412366	12305.844935982841
500.0	40653.52960570606	11457.53672845556
700.0	40315.15647370898	9269.062072820496
900.0	40785.44720741054	10394.893146668448
1100.0	40833.29516798627	12084.08334768
1300.0	41239.264390001204	12006.994377276154
1500.0	41066.24375152973	10983.973261415049
1700.0	41208.244940400175	12774.184381748863
1900.0	41301.104223475515	11967.000000001539
2100.0	41334.91376896139	12967.00000000118
2300.0	41552.42102917576	13967.000000001868
2500.0	41578.21229087774	14967.000000002065
2700.0	41746.74068884924	15967.000000000957
2900.0	41693.27756293793	16967.000000001477
3100.0	41826.87970212325	17967.000000001462
3300.0	41894.08221915064	18967.000000001768
3500.0	42046.22973557786	19967.000000001994
3700.0	42019.92728121588	20967.000000001222
3900.0	42201.037786338726	21967.0000000014
4100.0	42300.88007643462	22967.00000000576
4300.0	42222.11487483072	23820.00000000558
4500.0	42273.38231664678	24620.000000000662
4700.0	42348.14457748431	25420.000000002277
4900.0	42374.14980912367	26220.00000000238
